8.528469750889710710e+00
1.454767801857575016e+01
1.641666666666652574e+01
1.911726384364790832e+01
1.602737642585516653e+01
9.070175438596496775e+00
1.424376996805100148e+01
1.685318352059911717e+01
-1.802616487455187766e+01
-1.806666666666661669e+01
4.675000000000055778e+00
-1.801724137931023861e+01
2.131081081081041972e+01
1.676557377049167741e+01
8.841509433962261966e+00
1.544654088050300444e+01
5.558823529411817788e+00
-1.807854671280270509e+01
5.600206185567211037e+01
3.081229773462826227e+00
1.439097472924177090e+01
-2.034848484848423844e+00
3.087470817120599520e+01
5.008955223880563778e+01
1.803157894736813560e+01
-1.082118644067791102e+01
1.162592592592586271e+01
1.264615384615374438e+01
-1.809183673469383180e+01
1.022269503546095315e+01
5.607692307692326494e+01
3.129411764705865551e+01
-1.806086956521734876e+01
-1.808742138364774732e+01
5.287235494880528108e+01
5.600909090909179611e+01
4.416306306306285023e+01
4.190606060606042149e+01
4.962745098039197700e+01
5.608108108108139334e+01
1.253043321299643367e+02
4.703773584905643190e+01
5.494366197183088474e+01
5.053642384105937424e+01
1.490274509803926435e+02
5.573309608540916571e+01
5.391666666666645114e+01
4.499426751592337581e+01
5.076744186046489205e+01
4.809265175718828544e+01
4.561538461538444267e+01
5.291780821917788558e+01
1.762503937007881234e+02
5.605267175572545568e+01
4.276470588235275017e+01
5.218644067796586228e+01
5.170707070707052821e+01
1.433629629629635645e+02
5.123411371237436640e+01
4.258357771260975966e+01
5.603125000000036948e+01
4.745569620253143484e+01
5.603956834532372966e+01
5.604790874524738342e+01
4.082905982905965914e+01
4.240350877192961576e+01
4.766666666666649377e+01
4.909661016949129220e+01
1.552731343283587364e+02
5.607169811320754604e+01
5.606881720430102689e+01
5.604736842105280914e+01
5.606691449814140071e+01
4.240350877192961576e+01
5.494366197183088474e+01
5.604233576642340608e+01
5.609077490774917862e+01
5.606881720430102689e+01
5.026551724137912203e+01
5.391666666666645114e+01
6.380909090909194958e+01
1.473727272727278148e+02
1.429433198380573060e+02
5.606881720430102689e+01
5.520494699646629044e+01
5.316494845360805499e+01
4.955938566552882918e+01
1.327739130434786432e+02
5.609077490774917862e+01
5.608695652173912549e+01
5.606881720430102689e+01
5.316494845360805499e+01
1.212658307210037236e+02
5.603956834532372966e+01
4.227560975609734584e+01
5.267235494880527824e+01
4.932721088435354773e+01
5.604545454545477412e+01
4.787898089171955007e+01
1.239333333333337634e+02
5.194594594594574488e+01
5.341379310344808573e+01
1.272285714285719109e+02
5.602307692307701359e+01
5.316494845360805499e+01
5.601227436823104711e+01
5.599999999999992895e+01
1.687910780669151336e+02
4.962745098039197700e+01
1.678888888888895110e+02
1.494484641638232461e+02
4.766666666666649377e+01
4.581612903225787647e+01
5.456007326007310354e+01
1.058000000000004093e+02
4.209027355623079103e+01
5.076744186046489205e+01
1.341987616099076774e+02
5.007894736842086303e+01
4.809265175718828544e+01
4.246207951070316966e+01
5.606691449814140071e+01
1.274201465201470569e+02
5.604528301886813324e+01
5.030693069306907717e+01
5.366435986159150673e+01
5.316494845360805499e+01
5.242857142857123165e+01
5.605267175572545568e+01
5.267235494880527824e+01
1.199176291793318967e+02
5.623333333333378903e+01
4.687377049180310706e+01
5.099999999999980815e+01
5.599999999999992895e+01
5.605168539325859456e+01
1.414203821656056732e+02
4.264969325153357005e+01
5.609077490774917862e+01
5.609077490774917862e+01
5.604233576642340608e+01
1.253108359133132126e+02
5.442657342657327035e+01
5.291780821917788558e+01
5.602307692307701359e+01
5.606923076923105498e+01
5.607716535433111460e+01
5.604233576642340608e+01
5.573309608540916571e+01
4.985245901639326860e+01
4.540256410256390041e+01
5.429270072992680696e+01
5.442657342657327035e+01
5.605168539325859456e+01
5.605294117647098062e+01
4.703773584905643190e+01
4.419308176100611973e+01
1.006476190476194432e+02
5.076744186046489205e+01
4.774518272425227394e+01
1.585561151079143372e+02
4.766666666666649377e+01
5.429270072992680696e+01
1.225050632911397201e+02
5.601206225680969908e+01
5.604545454545477412e+01
5.074444444444423397e+01
4.708947368421033985e+01
4.331454005934698159e+01
5.291780821917788558e+01
4.962745098039197700e+01
5.602307692307701359e+01
1.555241758241763250e+02
5.391666666666645114e+01
4.561538461538444267e+01
5.194594594594574488e+01
4.703773584905643190e+01
5.601206225680969908e+01
5.494366197183088474e+01
5.298458781361986070e+01
5.599999999999992895e+01
5.218644067796586228e+01
4.387425149700579396e+01
4.985245901639326860e+01
1.301661921708190732e+02
5.600588235294128481e+01
5.599999999999992895e+01
5.316494845360805499e+01
5.604736842105280914e+01
5.417073170731685394e+01
4.918181818181795251e+01
4.540256410256390041e+01
4.379999999999980531e+01
5.573309608540916571e+01
4.896116504854349216e+01
5.606363636363637681e+01
5.604528301886813324e+01
1.469473867595824004e+02
4.581481481481460349e+01
5.607777777777789652e+01
1.387507042253526777e+02
1.052363636363641461e+02
5.604233576642340608e+01
4.830769230769210054e+01
4.601547987616079638e+01
4.541717791411025473e+01
5.573309608540916571e+01
4.665947712418282833e+01
1.604118081180817796e+02
4.541717791411025473e+01
5.218644067796586228e+01
4.258357771260975966e+01
1.101764705882357589e+02
5.098641114982554967e+01
5.607165991902867574e+01
4.852411575562683055e+01
5.604562737642586967e+01
5.053642384105937424e+01
1.517147410358571165e+02
5.520494699646629044e+01
5.606881720430102689e+01
1.469666666666671233e+02
5.604233576642340608e+01
5.366435986159150673e+01
5.608108108108139334e+01
4.227560975609734584e+01
1.256145214521457945e+02
5.573309608540916571e+01
1.446129568106318857e+02
5.599999999999992895e+01
5.573309608540916571e+01
1.000795698924735717e+02
5.456007326007310354e+01
4.745569620253143484e+01
1.530160278745650260e+02
5.123006993006973886e+01
4.852411575562683055e+01
5.605820895522406033e+01
4.644657980456005220e+01
4.644657980456005220e+01
5.242857142857123165e+01
5.607777777777789652e+01
5.599999999999992895e+01
4.561538461538444267e+01
4.809265175718828544e+01
5.546808510638287260e+01
5.604545454545477412e+01
5.546808510638287260e+01
5.605977011494280760e+01
1.349461538461542602e+02
5.170707070707052821e+01
5.601227436823104711e+01
1.375181208053697333e+02
4.387425149700579396e+01
1.192818181818187355e+02
5.494366197183088474e+01
5.494366197183088474e+01
1.007604790419165823e+02
6.011126279863469080e+01
4.830769230769210054e+01
4.962745098039197700e+01
1.033122112211226238e+02
5.391666666666645114e+01
4.874193548387077612e+01
4.644657980456005220e+01
1.391106007067142514e+02
5.341379310344808573e+01
5.604233576642340608e+01
1.708569105691062475e+02
4.029705014749240632e+01
5.564944237918207648e+01
4.724605678233420747e+01
5.341379310344808573e+01
4.313017751479267758e+01
5.366435986159150673e+01
5.468421052631562418e+01
4.830769230769210054e+01
1.481741721854310470e+02
1.484687500000005684e+02
5.604736842105280914e+01
5.402727272727250352e+01
4.117191977077347076e+01
5.316494845360805499e+01
1.247571428571434637e+02
4.830769230769210054e+01
5.599999999999992895e+01
5.123411371237436640e+01
1.478848797250864493e+02
5.606691449814140071e+01
5.605267175572545568e+01
5.606923076923105498e+01
5.546808510638287260e+01
4.962745098039197700e+01
4.561538461538444267e+01
1.599766283524908488e+02
1.485655172413798653e+02
1.227439716312063069e+02
1.504409395973160315e+02
1.511285714285720587e+02
1.738525291828798345e+02
4.886756756756737019e+01
5.316494845360805499e+01
5.604233576642340608e+01
5.123006993006973886e+01
1.582114695340507922e+02
4.766666666666649377e+01
5.391666666666645114e+01
1.119420494699650845e+02
5.609077490774917862e+01
1.394773584905666723e+02
5.026551724137912203e+01
5.366435986159150673e+01
5.242857142857123165e+01
1.456899653979243396e+02
5.170707070707052821e+01
5.607777777777789652e+01
4.852411575562683055e+01
4.830769230769210054e+01
1.406903225806455850e+02
5.218644067796586228e+01
5.050415224913476209e+01
1.178313653136537340e+02
1.578303030303034973e+02
4.940390879478805886e+01
4.852411575562683055e+01
5.603125000000036948e+01
5.606881720430102689e+01
5.218644067796586228e+01
1.679000000000006025e+02
5.564944237918207648e+01
5.267235494880527824e+01
5.146979865771789520e+01
5.605820895522406033e+01
4.864006734006716215e+01
1.145333333333338288e+02
1.666000000000007049e+02
5.607777777777789652e+01
5.599999999999992895e+01
5.604790874524738342e+01
5.646533864541879666e+01
5.609534883720962739e+01
3.747977528089868571e+01
1.560705882352947640e+02
5.429270072992680696e+01
4.313017751479267758e+01
5.604528301886813324e+01
4.809265175718828544e+01
4.264969325153357005e+01
5.606691449814140071e+01
4.985245901639326860e+01
4.852411575562683055e+01
1.365666666666671745e+02
5.007894736842086303e+01
5.606881720430102689e+01
5.573309608540916571e+01
4.541717791411025473e+01
1.458899653979243283e+02
5.564944237918207648e+01
1.784187500000006423e+02
5.007894736842086303e+01
1.331777777777784308e+02
5.267235494880527824e+01
5.442657342657327035e+01
1.450940074906371819e+02
5.603125000000036948e+01
5.366435986159150673e+01
5.247437722419908113e+01
5.099999999999980815e+01
5.366435986159150673e+01
4.787898089171955007e+01
5.247437722419908113e+01
4.730660066006578290e+01
4.962745098039197700e+01
4.909661016949129220e+01
1.178313653136537340e+02
4.560868167202554702e+01
5.494366197183088474e+01
4.623506493506471315e+01
5.468421052631562418e+01
5.520494699646629044e+01
4.841409395973132490e+01
1.598054151624553469e+02
1.746000000000006764e+02
4.581612903225787647e+01
4.541717791411025473e+01
1.578193548387102396e+02
1.005811188811193375e+02
4.918181818181795251e+01
5.573309608540916571e+01
5.602307692307701359e+01
5.341379310344808573e+01
4.962745098039197700e+01
4.560868167202554702e+01
4.662499999999980105e+01
4.581612903225787647e+01
4.406306306306284881e+01
4.774518272425227394e+01
5.606881720430102689e+01
4.406306306306284881e+01
5.147543859649102416e+01
4.581612903225787647e+01
1.660540084388190962e+02
5.605977011494280760e+01
5.606881720430102689e+01
4.621739130434762899e+01
5.602307692307701359e+01
4.918181818181795251e+01
5.605138339920969770e+01
4.918181818181795251e+01
5.076744186046489205e+01
4.399592476489007709e+01
4.874193548387077612e+01
5.609534883720962739e+01
5.608695652173912549e+01
5.606881720430102689e+01
4.985245901639326860e+01
1.237571428571433216e+02
4.979315068493131236e+01
4.541717791411025473e+01
5.194594594594574488e+01
1.594828685258969472e+02
5.417073170731685394e+01
4.644657980456005220e+01
4.940390879478805886e+01
1.511285714285720587e+02
1.350461538461544535e+02
1.504409395973160315e+02
4.406306306306284881e+01
4.962745098039197700e+01
5.546808510638287260e+01
5.218644067796586228e+01
5.606363636363637681e+01
5.603956834532372966e+01
5.494366197183088474e+01
5.291780821917788558e+01
5.194594594594574488e+01
4.955938566552882918e+01
1.482104477611945583e+02
5.417073170731685394e+01
1.100135593220343253e+02
5.341379310344808573e+01
1.165615894039740681e+02
4.955938566552882918e+01
4.730660066006578290e+01
4.313017751479267758e+01
1.464377358490571339e+02
5.218644067796586228e+01
5.194594594594574488e+01
5.099999999999980815e+01
1.442629139072853945e+02
6.050000000000077449e+01
5.366435986159150673e+01
1.230624521072801087e+02
4.766666666666649377e+01
4.601547987616079638e+01
1.591044776119408368e+02
1.504604743083008600e+02
5.604790874524738342e+01
5.026551724137912203e+01
1.165206349206355299e+02
1.411122977346285268e+02
5.592686567164174249e+01
5.291780821917788558e+01
5.291780821917788558e+01
5.376376811594182925e+01
5.170707070707052821e+01
5.603956834532372966e+01
5.099999999999980815e+01
5.602307692307701359e+01
5.546808510638287260e+01
1.267282157676353904e+02
4.766666666666649377e+01
1.478189189189194508e+02
5.608695652173912549e+01
5.291780821917788558e+01
5.606363636363637681e+01
5.605168539325859456e+01
4.962745098039197700e+01
5.606691449814140071e+01
5.146979865771789520e+01
1.173294117647063501e+02
5.123006993006973886e+01
5.608695652173912549e+01
5.600636704119845888e+01
1.373500000000005343e+02
5.604545454545477412e+01
5.341379310344808573e+01
4.745569620253143484e+01
4.896116504854349216e+01
5.267235494880527824e+01
5.494366197183088474e+01
1.470597864768689647e+02
5.076744186046489205e+01
5.921975308642046798e+01
1.148740072202170239e+02
1.378356687898095174e+02
5.604790874524738342e+01
5.053642384105937424e+01
5.494366197183088474e+01
4.540256410256390041e+01
5.316494845360805499e+01
5.194594594594574488e+01
5.442657342657327035e+01
5.053642384105937424e+01
5.147543859649102416e+01
4.621739130434762899e+01
5.291780821917788558e+01
4.687377049180310706e+01
4.787898089171955007e+01
4.787898089171955007e+01
3.949582172701931171e+01
4.683072100313458463e+01
4.227560975609734584e+01
5.324244604316528040e+01
5.599999999999992895e+01
4.519776357827455371e+01
4.064718100890188168e+01
5.605820895522406033e+01
5.520494699646629044e+01
5.609077490774917862e+01
5.607169811320754604e+01
4.662499999999980105e+01
4.918181818181795251e+01
5.194594594594574488e+01
5.053642384105937424e+01
1.545211895910786666e+02
1.214256410256415251e+02
5.604233576642340608e+01
1.397639455782317270e+02
1.619817518248182466e+02
5.291780821917788558e+01
1.249142857142862795e+02
1.167351351351357067e+02
5.520494699646629044e+01
4.985245901639326860e+01
4.687377049180310706e+01
5.197137809187255897e+01
5.170707070707052821e+01
4.841409395973132490e+01
5.007894736842086303e+01
5.146979865771789520e+01
5.417073170731685394e+01
1.026964412811392862e+02
4.766666666666649377e+01
5.604562737642586967e+01
5.291780821917788558e+01
5.007894736842086303e+01
5.341379310344808573e+01
5.076744186046489205e+01
4.918181818181795251e+01
4.918181818181795251e+01
4.540256410256390041e+01
1.330912547528523078e+02
4.581481481481460349e+01
1.134428571428575907e+02
4.349999999999977973e+01
4.909661016949129220e+01
4.642056074766337304e+01
4.621739130434762899e+01
4.360529595015558613e+01
5.123411371237436640e+01
1.606946619217088710e+02
5.146979865771789520e+01
5.291780821917788558e+01
1.438010676156589795e+02
1.687891891891899263e+02
5.606507936507958334e+01
1.202941391941397455e+02
1.467666666666670494e+02
5.076744186046489205e+01
5.194594594594574488e+01
5.417073170731685394e+01
5.604736842105280914e+01
5.609077490774917862e+01
1.254043321299643310e+02
4.818963210702320055e+01
1.527103806228378176e+02
5.520494699646629044e+01
4.302839506172819029e+01
5.242857142857123165e+01
4.703773584905643190e+01
5.494366197183088474e+01
5.146979865771789520e+01
4.687377049180310706e+01
5.604545454545477412e+01
5.002852233676956928e+01
1.087487804878052913e+02
5.391666666666645114e+01
1.546211895910786609e+02
5.564944237918207648e+01
4.830769230769210054e+01
5.609077490774917862e+01
5.608695652173912549e+01
4.841409395973132490e+01
1.406924050632917442e+02
5.030693069306907717e+01
4.962745098039197700e+01
5.417073170731685394e+01
5.417073170731685394e+01
1.523846441947570156e+02
4.601547987616079638e+01
1.255145214521458001e+02
5.026551724137912203e+01
1.626396825396833208e+02
4.940390879478805886e+01
4.787898089171955007e+01
5.733734939759089144e+01
5.609077490774917862e+01
5.147543859649102416e+01
3.982352941176449690e+01
5.608108108108139334e+01
4.918181818181795251e+01
5.606691449814140071e+01
5.604528301886813324e+01
5.030693069306907717e+01
5.123411371237436640e+01
4.341180124223583192e+01
5.604233576642340608e+01
4.830769230769210054e+01
5.417073170731685394e+01
5.099999999999980815e+01
5.030693069306907717e+01
4.642056074766337304e+01
5.030693069306907717e+01
5.170707070707052821e+01
5.442657342657327035e+01
5.896557377049247606e+01
1.205651465798051589e+02
5.546808510638287260e+01
1.403000000000005514e+02
1.784187500000006423e+02
1.239699680511187978e+02
9.982105263157933450e+01
4.918181818181795251e+01
4.852411575562683055e+01
5.007894736842086303e+01
4.745569620253143484e+01
4.955938566552882918e+01
4.703773584905643190e+01
5.242857142857123165e+01
5.242857142857123165e+01
1.651060606060610780e+02
5.366435986159150673e+01
5.606363636363637681e+01
4.962745098039197700e+01
5.605757575757577627e+01
5.601227436823104711e+01
1.263980392156867936e+02
1.317151515151520300e+02
5.099999999999980815e+01
5.608695652173912549e+01
5.600636704119845888e+01
4.703773584905643190e+01
4.425301204819255219e+01
1.477003802281375329e+02
5.291780821917788558e+01
5.291780821917788558e+01
5.267235494880527824e+01
5.429270072992680696e+01
5.468421052631562418e+01
5.123411371237436640e+01
5.341379310344808573e+01
1.484981684981690080e+02
5.468421052631562418e+01
1.184570446735400679e+02
1.629181818181823189e+02
4.463636363636344839e+01
1.097722222222227941e+02
5.376376811594182925e+01
5.603956834532372966e+01
5.605820895522406033e+01
9.071089108910936716e+01
5.194594594594574488e+01
1.538772241992889178e+02
5.600000000000025580e+01
4.368656716417893193e+01
5.291780821917788558e+01
1.524103806228378346e+02
4.621739130434762899e+01
3.885123966942129670e+01
5.247437722419908113e+01
5.316494845360805499e+01
1.609320754716987096e+02
5.242857142857123165e+01
1.180237458193986129e+02
1.072741258741263408e+02
5.602307692307701359e+01
5.366435986159150673e+01
5.146979865771789520e+01
1.204888888888895053e+02
4.379999999999980531e+01
4.962745098039197700e+01
5.600588235294128481e+01
5.417073170731685394e+01
5.316494845360805499e+01
4.522018348623833361e+01
4.012352941176451537e+01
5.098641114982554967e+01
5.170707070707052821e+01
5.608695652173912549e+01
5.604545454545477412e+01
1.581386617100377805e+02
1.251368421052635540e+02
1.178801916932913088e+02
4.979315068493131236e+01
1.312976284584984796e+02
5.604790874524738342e+01
1.334272727272732766e+02
5.606363636363637681e+01
4.459113924050612354e+01
5.604233576642340608e+01
1.530323308270683640e+02
4.883954983922807713e+01
5.123411371237436640e+01
5.564944237918207648e+01
5.316494845360805499e+01
5.520494699646629044e+01
5.604528301886813324e+01
4.730660066006578290e+01
5.222198581560262198e+01
4.662499999999980105e+01
4.368656716417893193e+01
5.606363636363637681e+01
4.662499999999980105e+01
5.291780821917788558e+01
5.604528301886813324e+01
1.521352112676062802e+02
4.940390879478805886e+01
5.606363636363637681e+01
5.391666666666645114e+01
4.064718100890188168e+01
4.621739130434762899e+01
1.397592592592598635e+02
4.522018348623833361e+01
5.468421052631562418e+01
5.442657342657327035e+01
5.050415224913476209e+01
1.545577319587634122e+02
4.874193548387077612e+01
5.053642384105937424e+01
1.487915254237293254e+02
4.642056074766337304e+01
5.602500000000014779e+01
9.143455149501700419e+01
5.242857142857123165e+01
5.606691449814140071e+01
1.239441441441446159e+02
4.818963210702320055e+01
4.730660066006578290e+01
4.581481481481460349e+01
5.030693069306907717e+01
5.267235494880527824e+01
1.139164874551976112e+02
5.606923076923105498e+01
5.123411371237436640e+01
4.387425149700579396e+01
1.396564102564108225e+02
4.909661016949129220e+01
4.540256410256390041e+01
4.082380952380930950e+01
4.940390879478805886e+01
5.402727272727250352e+01
5.030693069306907717e+01
5.053642384105937424e+01
4.602491909385094004e+01
5.218644067796586228e+01
5.599999999999992895e+01
4.502439024390221789e+01
4.896116504854349216e+01
5.609077490774917862e+01
4.745569620253143484e+01
5.194594594594574488e+01
5.076744186046489205e+01
5.604233576642340608e+01
1.483189189189194224e+02
5.603956834532372966e+01
5.267235494880527824e+01
5.417073170731685394e+01
1.647389558232939635e+02
5.218644067796586228e+01
5.603956834532372966e+01
5.468421052631562418e+01
5.792024291498035637e+01
4.985245901639326860e+01
5.573309608540916571e+01
1.494729323308277458e+02
5.605820895522406033e+01
5.609534883720962739e+01
5.316494845360805499e+01
5.606881720430102689e+01
4.918181818181795251e+01
5.218644067796586228e+01
5.606691449814140071e+01
1.076259259259264809e+02
1.431205673758872479e+02
5.608695652173912549e+01
4.724605678233420747e+01
5.053642384105937424e+01
5.272857142857121460e+01
1.283820143884896652e+02
5.197137809187255897e+01
5.604545454545477412e+01
5.600588235294128481e+01
1.494113074204951772e+02
4.601547987616079638e+01
5.267235494880527824e+01
5.417073170731685394e+01
4.406306306306284881e+01
5.442657342657327035e+01
5.172253521126743436e+01
1.508090909090914522e+02
5.002852233676956928e+01
1.368947368421058854e+02
4.522018348623833361e+01
1.247945337620583075e+02
5.605267175572545568e+01
5.603956834532372966e+01
5.605820895522406033e+01
1.125861423220978850e+02
1.539772241992889121e+02
5.123411371237436640e+01
5.604736842105280914e+01
4.479206349206332050e+01
5.494366197183088474e+01
5.602007722007732582e+01
5.605820895522406033e+01
5.316494845360805499e+01
5.604736842105280914e+01
4.724605678233420747e+01
4.379999999999980531e+01
5.607777777777789652e+01
1.531689075630257548e+02
1.270666666666671176e+02
5.366435986159150673e+01
5.417073170731685394e+01
4.561538461538444267e+01
4.644657980456005220e+01
4.683072100313458463e+01
7.567292418772581186e+01
1.203728222996520145e+02
5.468421052631562418e+01
5.053642384105937424e+01
5.606363636363637681e+01
4.499426751592337581e+01
5.247437722419908113e+01
5.099999999999980815e+01
4.940390879478805886e+01
1.385750000000005571e+02
1.258686567164183998e+02
4.499426751592337581e+01
5.546808510638287260e+01
4.387425149700579396e+01
1.095195488721809909e+02
1.340408360128621723e+02
5.341379310344808573e+01
5.604790874524738342e+01
5.609077490774917862e+01
5.324244604316528040e+01
5.603956834532372966e+01
5.074444444444423397e+01
6.850100334448180206e+01
5.030693069306907717e+01
5.605294117647098062e+01
5.602128514056255426e+01
4.962745098039197700e+01
1.071612546125466849e+02
5.123411371237436640e+01
4.683072100313458463e+01
4.665947712418282833e+01
5.170707070707052821e+01
5.026551724137912203e+01
5.604562737642586967e+01
5.242857142857123165e+01
1.201103896103900297e+02
1.489647482014394200e+02
4.874193548387077612e+01
5.605294117647098062e+01
3.995102639296167268e+01
8.964313725490244167e+01
5.316494845360805499e+01
1.112296296296301961e+02
4.665947712418282833e+01
5.603956834532372966e+01
1.237571428571433216e+02
5.603125000000036948e+01
5.606923076923105498e+01
5.604790874524738342e+01
5.053642384105937424e+01
4.962745098039197700e+01
5.592686567164174249e+01
4.644657980456005220e+01
1.497913385826777812e+02
4.766666666666649377e+01
5.194594594594574488e+01
5.733734939759089144e+01
4.313017751479267758e+01
5.417073170731685394e+01
5.601227436823104711e+01
1.734525291828798572e+02
5.546808510638287260e+01
5.609077490774917862e+01
5.123411371237436640e+01
4.985245901639326860e+01
5.442657342657327035e+01
5.076744186046489205e+01
4.368656716417893193e+01
5.366435986159150673e+01
4.766666666666649377e+01
4.809265175718828544e+01
1.599594202898555011e+02
5.197137809187255897e+01
4.541717791411025473e+01
1.376278481012664088e+02
5.604545454545477412e+01
5.546808510638287260e+01
3.960903790087442644e+01
5.417073170731685394e+01
4.708947368421033985e+01
1.602000000000005855e+02
1.168142857142861715e+02
5.602307692307701359e+01
5.605820895522406033e+01
5.341379310344808573e+01
4.703773584905643190e+01
5.218644067796586228e+01
5.218644067796586228e+01
4.561538461538444267e+01
4.896116504854349216e+01
8.832907801418511440e+01
5.417073170731685394e+01
5.123411371237436640e+01
4.955938566552882918e+01
4.012352941176451537e+01
1.511349206349213716e+02
5.546808510638287260e+01
5.391666666666645114e+01
1.397202898550728492e+02
1.403000000000005514e+02
1.337101045296172117e+02
5.417073170731685394e+01
1.523103806228378403e+02
9.701155115511599547e+01
4.621739130434762899e+01
5.601227436823104711e+01
5.007894736842086303e+01
4.683072100313458463e+01
4.581481481481460349e+01
5.076744186046489205e+01
4.341180124223583192e+01
4.621739130434762899e+01
4.644657980456005220e+01
4.703773584905643190e+01
1.778805668016201764e+02
1.483389312977105874e+02
4.909661016949129220e+01
1.611428571428578493e+02
5.599999999999992895e+01
5.417073170731685394e+01
5.099999999999980815e+01
5.242857142857123165e+01
4.425301204819255219e+01
1.687939393939398656e+02
9.695423728813599951e+01
4.662499999999980105e+01
1.177000000000005002e+02
1.132741035856579117e+02
1.305706484641644352e+02
4.642056074766337304e+01
4.955938566552882918e+01
5.417073170731685394e+01
4.918181818181795251e+01
4.499426751592337581e+01
5.604233576642340608e+01
5.600636704119845888e+01
4.809265175718828544e+01
4.852411575562683055e+01
1.479832116788327596e+02
1.474862453531604274e+02
4.852411575562683055e+01
4.082380952380930950e+01
4.387425149700579396e+01
5.429270072992680696e+01
5.099999999999980815e+01
5.605820895522406033e+01
5.602307692307701359e+01
5.601227436823104711e+01
4.360529595015558613e+01
4.962745098039197700e+01
5.608695652173912549e+01
4.896116504854349216e+01
5.291780821917788558e+01
5.599999999999992895e+01
1.328393442622956684e+02
5.194594594594574488e+01
1.370278481012664429e+02
4.561538461538444267e+01
5.172253521126743436e+01
4.642056074766337304e+01
1.353666666666672427e+02
5.267235494880527824e+01
