-2.148452012383890164e+01
-1.799999999999993960e+01
-4.531889250814475645e+01
-1.795437262357388875e+01
-1.804035087719268660e+01
-2.311757188498397397e+01
-1.794831460674141965e+01
-1.953118279569881466e+01
-3.326666666666696415e+01
-2.857500000000009166e+01
-1.881034482758595772e+01
-1.791081081081060944e+01
-2.126885245901625865e+01
-1.785471698113194350e+01
-1.800691823899367705e+01
-1.804117647058795271e+01
-2.297231833910016974e+01
-2.027147766323015432e+01
-1.783883495145619946e+01
-1.798772563176888184e+01
-1.804242424242397647e+01
-1.795953307392979781e+01
-1.787313432835795979e+01
-1.789824561403500169e+01
-1.801355932203377463e+01
-1.782592592592584069e+01
-1.413205128205121142e+01
-1.790408163265274410e+01
-1.796453900709201434e+01
-2.168461538461534133e+01
-1.799411764705867611e+01
-1.808260869565214790e+01
-1.806226415094327820e+01
-1.792764505119447449e+01
-1.790909090909058321e+01
-2.173693693693688544e+01
-3.129393939393960977e+01
-1.877254901960775513e+01
-1.700791505791489300e+01
-1.802815884476519770e+01
-2.201761006289299516e+01
-1.795070422535196997e+01
-1.806357615894018664e+01
1.220196078431353470e+01
-1.796690391459068081e+01
-1.785555555555536245e+01
-1.800573248407637550e+01
-1.783255813953479318e+01
-2.061246006389769292e+01
-1.868461538461523475e+01
-1.798219178082186787e+01
-1.805984251968477849e+01
-1.806412213740441075e+01
-1.913529411764698906e+01
-1.790338983050839161e+01
-1.792491582491556201e+01
-1.795185185185135168e+01
-1.791036789297650600e+01
-2.891642228739011600e+01
-1.806874999999971365e+01
-1.790886075949360645e+01
-1.795755395683428191e+01
-1.805209125475265708e+01
-2.516894586894592223e+01
-2.329649122807012063e+01
-1.790793650793646563e+01
-1.809322033898298798e+01
-1.785223880597002122e+01
-1.805471698113185752e+01
-1.807849462365589233e+01
-1.724323308270647104e+01
-1.801561338289959835e+01
-2.459649122807022792e+01
-1.795633802816881897e+01
-1.800802919708013405e+01
-1.801918819188180265e+01
-1.803118279569886795e+01
-1.783448275862065913e+01
-1.795555555555545624e+01
9.080086580086696557e+00
-1.803636363636332973e+01
8.603238866397095563e+00
-1.791541218637968313e+01
-1.799505300353338555e+01
-1.786219931271470784e+01
-1.269061433447078180e+01
-1.792028985507223737e+01
-1.803948339483384089e+01
-1.798985507246371185e+01
-1.806272401433665920e+01
-1.803505154639171337e+01
-2.897335423197547399e+01
-1.806043165467604084e+01
-2.052439024390236355e+01
-1.798873720136500509e+01
-1.062142857142850616e+01
-1.805454545454519533e+01
-1.792101910828014155e+01
-1.796666666666663659e+01
-1.482567567567544486e+01
-7.787931034482533654e+00
-1.807142857142811465e+01
-1.807692307692279954e+01
-1.803505154639168140e+01
-1.802707581227403466e+01
-1.805714285714266154e+01
-1.802825278810372822e+01
-1.800457516339859865e+01
-1.799999999999987921e+01
-2.412559726962427220e+01
-1.793333333333332291e+01
-1.798387096774183291e+01
-1.797692307692281943e+01
-1.974390243902429631e+01
-2.173069908814577289e+01
-1.791029900332213742e+01
-3.049721362229164612e+01
-1.783157894736834947e+01
-1.800734824281138202e+01
-1.793792048929652339e+01
-1.809814126394025280e+01
8.994139194138439208e+00
-1.798113207547141457e+01
-1.799306930693052564e+01
-1.783564013840822327e+01
-1.790790378006850858e+01
-1.797142857142834060e+01
-1.791374045801502390e+01
-1.802764505119436933e+01
-2.083313069908804493e+01
-1.796666666666637369e+01
-1.782622950819668262e+01
-1.783333333333326465e+01
-1.600714285714257556e+01
-1.800299625468135645e+01
-2.179617834394881726e+01
-1.788282208588956479e+01
-1.255922509225071870e+01
-1.802915129151270435e+01
-1.805766423357636796e+01
-2.999318885448985128e+01
1.102307692307696030e+01
-1.795616438356143263e+01
-1.807692307692287415e+01
-1.787692307692280735e+01
-1.792283464566916606e+01
-1.795693430656909939e+01
-1.809074733096057130e+01
-1.792622950819649219e+01
-1.788717948717943074e+01
-1.805766423357644257e+01
-1.808041958041945563e+01
-1.794831460674129531e+01
1.113137254901950790e+01
-1.790691823899356194e+01
-1.805157232704383929e+01
-1.794965986394536017e+01
-1.795481727574729902e+01
-1.803255813953465037e+01
-1.787482014388458040e+01
-1.800873015873007077e+01
9.793430656934168255e+00
-1.795949367088596205e+01
1.022101167315154413e+01
1.114545454545398151e+01
-1.353333333333309518e+01
-1.782105263157886554e+01
-1.785281899109791226e+01
-1.343219178082165399e+01
-1.807254901960761018e+01
1.408608058608028912e+01
1.264615384615261107e+01
-1.799444444444413804e+01
-1.798461538461528875e+01
-2.943243243243247065e+01
-1.798553459119495912e+01
1.058521400778144006e+01
-1.802535211267592530e+01
-1.804695340501772804e+01
-1.809999999999974207e+01
-1.791355932203386203e+01
-1.791976047904174862e+01
-1.792622950819649219e+01
-1.800177935943047913e+01
-1.794117647058796550e+01
8.885714285714392702e+00
-1.803505154639151087e+01
-1.803082706766893750e+01
-1.802926829268268349e+01
-1.797142857142853956e+01
-1.798205128205112047e+01
-1.689999999999995239e+01
-1.800818505338050812e+01
-1.791132686084122838e+01
-1.538636363636342175e+01
1.001886792452836161e+01
-1.798989547038277692e+01
-1.783950617283929319e+01
-1.804074074074055289e+01
1.416056338028136175e+01
1.566363636363582046e+01
-1.800875912408774582e+01
-1.792307692307676348e+01
-1.808049535603694125e+01
-1.808036809815942547e+01
9.650533807828967525e+00
-1.808039215686257961e+01
3.403136531365218787e+01
-1.726533742331265842e+01
-1.799322033898283024e+01
-1.794897360703809142e+01
-1.804705882352940449e+01
-1.798222996515658068e+01
3.056599190283325385e+01
-1.651045016077144112e+01
9.343346007604447223e+00
-1.787483443708587316e+01
2.438565737051713000e+01
-1.806148409893965479e+01
-1.791541218637973287e+01
1.810909090909042618e+01
1.694087591240833035e+01
-1.799584775086481514e+01
1.142007722007679860e+01
9.524390243902525199e+00
-1.809009900990076147e+01
1.457437722419905946e+01
1.470132890365390743e+01
1.555714285714245015e+01
-1.800818505338050812e+01
1.254802867383519605e+01
-1.318992673992647724e+01
-1.797974683544279983e+01
1.592369337979053689e+01
-1.806293706293702073e+01
-1.787588424437279144e+01
1.649552238805924986e+01
-1.803876221498360621e+01
-1.803876221498413202e+01
1.713537414965915673e+01
-1.776851851851822417e+01
-1.797142857142840455e+01
-1.783076923076899689e+01
-1.800734824281129676e+01
-1.807801418439740360e+01
-1.803030303030291748e+01
-1.793191489361685953e+01
2.606551724137896997e+01
2.968461538461440341e+01
-1.792794612794594400e+01
1.122129963898901650e+01
-1.800872483221457543e+01
1.076826347305363818e+01
8.454545454545563388e+00
-1.809295774647920396e+01
1.104366197183071563e+01
-1.801377245508965430e+01
1.645017064846362942e+01
-1.798205128205116310e+01
-1.800849673202593237e+01
2.501188118811804628e+01
-1.798333333333344441e+01
-1.802903225806454657e+01
-1.799609120521150274e+01
1.283851590105948404e+01
-1.803103448275841814e+01
1.294233576642284511e+01
3.003577235772306153e+01
-1.790294985250729809e+01
-1.668308550185860639e+01
-1.780851735015751913e+01
-1.803103448275841103e+01
-1.805266272189328802e+01
9.443944636678136106e+00
1.902807017543824486e+01
1.061794871794840134e+01
1.014900662251620922e+01
3.259374999999945999e+01
9.647368421052714638e+00
1.282727272727234791e+01
-1.799340974212017841e+01
-1.794432989690700708e+01
3.312510822510736830e+01
-1.801282051282031915e+01
-1.801428571428552061e+01
1.138963210702317674e+01
2.916632302405402299e+01
-1.793308550185872718e+01
-1.804732824427503246e+01
-8.280769230769688960e+00
1.181418439716256330e+01
-1.797254901960759810e+01
-1.808461538461524754e+01
2.551685823754721838e+01
1.849310344827508246e+01
1.552907801418385425e+01
-1.792013422818775581e+01
3.582857142856992283e+01
1.485680933852110286e+01
-1.791081081081071602e+01
1.182852233676937814e+01
9.542335766423002852e+00
1.593356643356596614e+01
1.330035842293897552e+01
-1.795873015872993150e+01
2.368888888888849209e+01
1.300494699646607444e+01
1.850073800737965257e+01
-1.808364779874187533e+01
-1.803103448275852827e+01
-1.805605536332157968e+01
8.834013605442002870e+00
1.340726643598524959e+01
-1.795993265993244492e+01
8.248148148148008119e+00
-1.794501607717029046e+01
1.271794871794829085e+01
-1.808387096774170999e+01
-1.806271186440664422e+01
2.426435986159137315e+01
4.682140221402111990e+01
1.703333333333260313e+01
-1.464609120521164876e+01
-1.794501607717022296e+01
1.538749999999977369e+01
8.184587813619605967e+00
-1.806271186440682897e+01
1.899999999999948841e+01
1.161449814126346780e+01
-1.784061433447076084e+01
-3.424496644295364600e+00
2.255223880596953023e+01
1.064006734006693478e+01
1.343157894736813418e+01
4.119411764705757406e+01
2.398148148148081304e+01
1.652857142857103767e+01
1.714334600760421878e+01
3.531752988047752950e+01
1.859534883720882092e+01
-1.796516853932573454e+01
3.335294117646940748e+01
1.904160583941551010e+01
8.771597633135966632e+00
2.214528301886754491e+01
9.202875399361008846e+00
-1.791533742331271029e+01
2.024944237918163026e+01
-1.801311475409825746e+01
-1.797652733118962587e+01
-1.800000000000015987e+01
-1.802105263157871917e+01
1.430573476702431002e+01
1.435053380782863819e+01
-1.795030674846604413e+01
1.728477508650488659e+01
1.401933085501807597e+01
5.602499999999963620e+01
-1.793684210526301825e+01
9.844444444444285125e+00
-1.792764505119428264e+01
2.412657342657306714e+01
5.604868913857637835e+01
2.424374999999930225e+01
1.170415224913467078e+01
1.443309608540874223e+01
1.099999999999971045e+01
2.462456747404792168e+01
1.474840764331177745e+01
-1.800818505338109077e+01
2.050726072607224637e+01
1.099150326797389887e+01
-1.809322033898320115e+01
2.754059040590382068e+01
-1.794565916398703109e+01
1.839577464788701633e+01
1.047532467532436939e+01
8.484210526315795420e+00
1.500565371024683614e+01
-1.800872483221460030e+01
1.422129963898896321e+01
2.509999999999961062e+01
1.216451612903210666e+01
-1.809509202453981658e+01
1.698064516128989965e+01
1.174405594405578945e+01
-1.790519480519463258e+01
3.158540925266839139e+01
1.989706959706941092e+01
1.030689655172381158e+01
1.085947712418282052e+01
1.150868167202545500e+01
1.434999999999987530e+01
8.790322580645094419e+00
1.846306306306267686e+01
1.114518272425228140e+01
1.758458781361951395e+01
-1.803993993993975309e+01
1.006666666666649590e+01
-1.540806451612877659e+01
5.607932489451596325e+01
2.639118773946320573e+01
1.396881720430060447e+01
2.722857142857112933e+01
2.144908424908374656e+01
-1.806493506493483636e+01
2.008853754940688319e+01
8.714285714285745499e+00
2.088970099667718117e+01
1.253072100313442938e+01
-1.798064516129029045e+01
2.113953488372063561e+01
1.658695652173863522e+01
2.006881720430047267e+01
1.364426229508183752e+01
3.988571428571303557e+01
1.736712328767071511e+01
-1.791779141104274231e+01
1.682432432432399594e+01
3.348565737051716695e+01
1.890209059233406919e+01
1.746123778501585733e+01
9.261237785015936197e+00
1.748571428571397490e+01
3.891740890688206633e+01
4.868523489932743331e+01
-1.793093093093076718e+01
8.891503267973515534e+00
2.852198581560234913e+01
2.655593220338932525e+01
2.306363636363573733e+01
3.173381294963969168e+01
1.964366197183048612e+01
1.446849315068461905e+01
1.686756756756700426e+01
1.534641638225209981e+01
3.635223880596959845e+01
3.517665505226411682e+01
2.404576271186413550e+01
2.165862068965449438e+01
3.181523178807895391e+01
1.759829351535777064e+01
3.460825082508203820e+01
1.171301775147920488e+01
5.601698113207676499e+01
2.327627118644024762e+01
1.236756756756711262e+01
-1.800000000000018119e+01
2.500397350993304002e+01
2.769999999999939888e+01
5.060622837370194560e+01
5.603103448275878407e+01
2.511746031746000796e+01
-1.803622291021662249e+01
4.068358208955180544e+01
5.607707509881426233e+01
2.394790874524656488e+01
1.551724137930987446e+01
5.438412698412663104e+01
1.093495145631063714e+01
1.854477611940280823e+01
2.824246575342410637e+01
2.449315068493115177e+01
2.236376811594155356e+01
1.284006734006699091e+01
3.803669064748167727e+01
1.659999999999956444e+01
2.029706959706917146e+01
1.749148936170184498e+01
5.607759336099756808e+01
4.073492063491990933e+01
-1.801621621621615787e+01
1.504782608695628809e+01
2.379315068493112761e+01
1.730909090909056403e+01
3.290636704119805245e+01
9.483660130718980952e+00
5.603866171003988939e+01
1.825838926174455779e+01
2.672352941176444574e+01
1.943006993006948591e+01
2.648695652173866932e+01
2.815168539325789965e+01
5.603125000000038369e+01
2.828181818181776208e+01
1.101724137931011427e+01
1.374936708860706425e+01
-1.803883495145631244e+01
2.115938566552853217e+01
2.007464788732373862e+01
4.337900355871807534e+01
1.058936877076403782e+01
5.600905349794565780e+01
2.028194945848339614e+01
1.557898089171928468e+01
2.114790874524656061e+01
1.290264900662216085e+01
3.230704225352055659e+01
1.200769230769190798e+01
2.116494845360765353e+01
1.802432432432381404e+01
2.282307692307637836e+01
1.013642384105901151e+01
3.950175438596446753e+01
5.609689440994034726e+01
2.171780821917762339e+01
4.782622950819598628e+01
2.987197452229232653e+01
5.604076433122052947e+01
2.031337047353951597e+00
1.783072100313444963e+01
2.147317073170698620e+01
3.323669064748154511e+01
3.407142857142824255e+01
1.360287539936068768e+01
1.194510385756661286e+01
1.807611940298489728e+01
2.900494699646591101e+01
3.297084870848648563e+01
2.921886792452771431e+01
1.129999999999995453e+01
2.222207792207745314e+01
2.460270270270218873e+01
2.157019867549599468e+01
5.600371747212186335e+01
4.150512820512731338e+01
1.639343065693378065e+01
2.091904761904736176e+01
2.429270072992649432e+01
3.746712328767085154e+01
1.641428571428558669e+01
4.456409266409212222e+01
5.608127208481124626e+01
2.463114754098306491e+01
8.795081967212789564e+00
2.477137809187234296e+01
1.690707070707017579e+01
2.085838926174463381e+01
3.184736842105215260e+01
2.959261744966380547e+01
5.601010452961840258e+01
5.581387900355836962e+01
3.013968253968218391e+01
2.254106463878288480e+01
1.587123287671213134e+01
2.625789473684158537e+01
1.786206896551660961e+01
3.173421926910251756e+01
2.039480519480498444e+01
2.092857142857106467e+01
1.710769230769195204e+01
5.608897338403143351e+01
3.164691358024637680e+01
5.608571428571555373e+01
1.657619047619024144e+01
1.904745762711838353e+01
-1.809470404984441316e+01
1.328385093167683983e+01
-1.799314641744541277e+01
2.412307692307638263e+01
2.931565836298901928e+01
5.270536912751592951e+01
2.444383561643816449e+01
5.603772241992976433e+01
5.604015444015718117e+01
2.663333333333266495e+01
5.609413919414107852e+01
5.059565217391239145e+01
5.608006644518623318e+01
2.518918918918874539e+01
3.320209059233411608e+01
9.815789473684180422e+00
3.336088560885553989e+01
3.692238267147968855e+01
3.295652173912981198e+01
2.360311418685092377e+01
2.400565371024661232e+01
3.008765432098728354e+01
5.608843537415459934e+01
1.853773584905622585e+01
2.862816901408384496e+01
1.094546979865873908e+02
3.243114754098316865e+01
3.454545454545403516e+01
1.926494845360768693e+01
9.436585365853662921e+00
2.143888888888866617e+01
5.600371747211985962e+01
2.828438661709979840e+01
5.601794871795175368e+01
5.601180811808515614e+01
1.913333333333280706e+01
2.462550335570418270e+01
5.600632911393216773e+01
5.601287128712957042e+01
2.946339869281006685e+01
1.524320557491273576e+01
2.113937282229895942e+01
2.627041198501842700e+01
4.407925696594386267e+01
5.601584158416090986e+01
1.238275862068954503e+01
5.603492063492444686e+01
5.603583061889251837e+01
1.976369426751535485e+01
3.813738955823156402e+02
3.006088560885548588e+01
1.783157894736827842e+01
-1.522647058823527466e+01
4.006409266409200853e+01
2.153506493506447939e+01
5.600855018587829193e+01
5.600943396226946902e+01
4.491089108910823313e+01
5.601237458193985219e+01
4.165652173912999245e+01
4.914014598540087775e+01
3.391794871794841271e+01
3.042369337979044275e+01
5.603333333333617361e+01
5.601782178218105912e+01
5.604641744548692373e+01
5.601782178218147124e+01
3.374107744107705997e+01
5.601888111889624611e+01
2.495393442622974192e+02
5.600781758957776901e+01
2.736808510638261538e+01
5.607272727273044666e+01
1.087687500000027967e+02
1.252843450479215370e+01
1.557368421052617258e+01
9.867532467532406315e+00
5.607234726688533044e+01
5.608947368421071644e+01
5.369873417721422726e+01
3.115102389078440410e+02
2.877169811320706572e+01
5.609931972789780730e+01
5.251292517007642857e+01
3.679393939393909108e+01
1.987555363321896209e+02
5.601818181819058395e+01
2.862745098039180647e+01
4.183333333333285253e+01
5.601877256318712739e+01
5.608431372549374316e+01
5.607811447811491234e+01
1.506666666666651011e+01
5.192405797101106373e+02
5.602209737827953973e+01
5.608301886793125846e+01
5.606867469880526755e+01
5.600494296578220599e+01
5.603150684933240200e+01
5.600958904109774039e+01
5.606689419795222307e+01
2.526591240875962967e+02
3.399298245613992009e+01
2.171170568561842629e+01
5.608275862070181006e+01
3.180805860805836716e+01
8.761403508771929083e+00
5.609347079037918604e+01
5.608755980861835155e+01
5.600000000001099920e+01
3.404444444444409612e+01
5.608260869567038753e+01
5.609064748201654993e+01
6.100492537313037928e+02
5.601188118811894867e+01
5.602162162162160541e+01
4.053309608540886444e+01
2.673999999999997499e+02
1.093582089552234571e+01
5.601369863013678696e+01
5.603079584775517219e+01
5.604596273292060005e+01
5.602121212121723204e+01
5.602491103203033163e+01
5.607044673541031443e+01
5.609056603773900918e+01
5.603945578231299862e+01
2.791170568561845755e+01
5.605664335664538100e+01
5.600219780220356824e+01
3.762671280276830998e+02
3.580926174496569843e+02
5.608253968255047539e+01
3.314749999999960437e+02
4.652980392156624134e+02
3.982999999999915417e+02
5.158721254355123165e+02
3.046996563573856065e+02
1.073077981651426995e+02
5.604705882353582069e+01
3.379912891985958936e+02
3.829296296296128617e+02
2.996768115941991937e+02
3.742303030302954880e+02
5.537174721189546034e+01
3.805684210526192146e+02
2.771792332268348105e+02
4.071794520547818479e+02
2.724517786561251569e+02
2.770418250950567085e+02
3.128272727272682232e+02
6.477636363635979251e+02
3.825784810126444881e+02
3.035058394160547550e+02
2.639774436090206109e+02
1.063890675241154682e+01
4.974749163879361618e+02
6.030583643122351987e+02
3.566824742267965576e+02
3.727045936395654735e+02
3.697698113207457027e+02
5.602772277228729081e+01
3.363460992907736795e+02
5.605000000003028049e+01
5.608059701493169769e+01
4.726363636363402065e+02
5.605000000001089688e+01
4.088917808219065932e+02
2.937471698113188836e+02
5.602816901409903494e+01
2.623221498371355551e+02
6.990818181817820687e+02
6.583777777777323763e+02
4.475252225519105309e+02
3.142888198757715372e+02
5.605925925926295861e+01
2.952018348623826682e+01
2.629035087719287276e+02
5.431307692307468642e+02
4.910446366781815186e+02
6.232800687284903915e+02
5.537806451612669889e+02
4.524953642383958936e+02
5.602203389830897606e+01
6.310404984423295218e+02
7.109562499999643705e+02
4.298847176079586916e+02
5.869374149659579416e+02
2.914394052044576711e+02
5.602012012012113473e+01
3.581836120401254107e+02
6.789973597359386304e+02
3.129172839506145465e+02
3.225481848184743399e+02
6.831573378839173074e+02
7.462956989247399520e+01
7.092769230768875559e+02
7.042775919732042667e+02
6.386317365269051152e+02
7.055948717948326703e+02
6.797016949152202869e+02
6.189256410256108438e+02
5.608571428572417972e+01
5.604234527688120693e+01
6.981363636363300884e+02
7.272999999999666443e+02
6.842324503310925365e+02
6.890187702264962581e+02
6.952610169491205170e+02
7.104714285713898789e+02
2.346085365853714393e+02
3.330644012944924839e+02
7.446999999999671900e+02
2.974506329113909828e+02
2.868189189189160970e+02
5.517528239202459872e+02
6.876591240875613948e+02
4.968108108108074106e+01
6.799604316546418659e+02
7.257443686006446342e+02
7.663313588849867983e+02
5.124345381525911307e+02
1.500923728813662592e+02
7.120460431654314561e+02
5.669771929824314611e+02
7.781999999999649162e+02
7.559999999999681677e+02
7.360302491102911517e+02
7.391999999999617330e+02
2.758776119402966174e+02
7.724240310077238973e+02
7.377993127147417454e+02
7.539473118279246364e+02
7.147649350649019198e+02
7.224610169491147644e+02
7.856999999999696911e+02
6.844407407407118171e+02
6.913475177304651424e+02
7.842999999999743750e+02
5.237608832807372892e+02
6.260033112582544845e+02
7.769428571428253463e+02
2.889035971222998569e+02
7.474300353356601363e+02
7.469696969696681208e+02
7.814999999999686224e+02
4.661067137809067731e+02
4.449467492259960295e+02
5.018549488054419498e+02
7.887999999999682359e+02
4.916336336336225941e+02
7.767999999999664169e+02
7.987999999999685770e+02
5.609090909091266042e+01
5.731680412370890281e+02
1.197004643962877850e+02
7.116122324158653782e+02
7.354839228295481917e+02
7.517152671755459323e+02
7.732143884891768266e+02
5.880865671641630570e+02
5.608014981274567390e+01
7.866238434163414013e+02
7.540107023411052296e+02
8.010999999999677357e+02
5.999285714285499580e+02
7.362042253520837676e+02
7.956999999999678721e+02
3.544611940298446484e+02
5.609553264605753498e+01
4.259909774435975578e+02
7.508634069400350199e+02
3.265999999999954753e+02
7.819740740740439833e+02
8.096932773109010668e+02
5.469999999999823785e+02
5.001588235293984326e+02
7.610411149825480379e+02
7.451076923076641378e+02
4.097446254071585940e+02
6.252426332288148387e+02
7.622191335739812530e+02
3.150184668989513170e+02
7.651649122806694550e+02
7.629549668873895598e+02
7.811999999999682132e+02
7.643305732483715929e+02
7.959825622775557576e+02
7.409666666666380479e+02
7.524400651465508645e+02
5.605000000000458726e+01
4.595208955223737348e+02
2.887197452229281680e+02
7.512312056737270041e+02
4.560604790419025676e+02
5.604135338346060280e+01
7.731999999999695774e+02
7.708999999999671218e+02
7.340543726235459872e+02
3.282642066420617653e+02
5.600215827338305985e+01
7.415374100719106991e+02
7.194666666666361152e+02
4.508732441471457264e+02
7.638999999999732609e+02
8.008999999999697366e+02
8.028678714859169077e+02
6.018137254901741926e+02
8.016999999999719648e+02
2.882598662207348070e+02
4.537460815046900962e+02
5.604183006536956668e+01
4.350565656565548807e+02
8.011999999999695774e+02
8.066999999999690090e+02
6.340224489795734826e+02
7.201363636363872445e+01
7.707999999999673264e+02
6.570451612903082150e+02
3.429725490196021269e+02
3.891964809384105592e+02
4.249594771241681883e+02
1.072462199312799243e+02
3.012703703703666633e+02
5.603398692811401816e+01
4.898992805755277686e+02
4.548442508710683114e+02
8.083749999999744205e+02
8.113999999999724650e+02
7.600703422052918086e+02
7.667874172185183852e+02
7.607921568627117495e+02
8.001999999999671900e+02
7.889999999999683951e+02
1.569606299212584233e+01
5.829841269841109579e+02
6.563945945945688436e+02
7.737590361445555800e+02
3.269698224852034514e+02
7.808627177700062703e+02
7.594090252707385389e+02
5.600778210117439926e+01
2.690177304964537939e+02
6.648081180811644799e+02
6.586204013377682713e+02
2.509336065573791075e+02
4.875881118881024463e+02
3.729053156146113110e+02
3.562417910447707072e+02
2.604799307958463714e+02
7.302936507936870214e+01
3.467536741214024687e+02
5.608985507246694624e+01
7.225279151943193483e+02
7.719325153373956709e+02
5.602784810126966875e+01
8.149999999999718057e+02
8.014999999999741931e+02
3.190177842565569790e+02
2.907909407665468962e+02
3.165157894736788080e+02
5.600000000000562750e+01
5.601428571428859016e+01
6.358999999999803094e+02
2.690462686567148580e+02
5.001241379310163211e+02
1.437688679245352716e+02
5.601355932204725718e+01
5.609152542373306005e+01
5.606923076924269367e+01
2.663320388349501400e+02
3.183092198581529715e+02
4.183167247386667214e+02
7.917999999999674401e+02
8.045999999999709189e+02
6.163176470588027769e+02
5.600317460318012763e+01
4.683829787233916591e+02
3.894555555555502337e+02
2.867188405797077735e+02
5.611999999999851525e+02
8.080999999999714873e+02
2.743850174216004234e+02
7.943999999999766715e+02
4.127541254125313230e+02
3.814055900621037267e+02
7.641090252707314221e+02
4.681105263157763261e+02
5.390551724137792462e+02
3.585814814814742135e+02
7.936999999999760576e+02
5.605838509317698026e+01
5.600807453416960868e+01
3.499114006514611219e+02
6.265635220125551541e+02
5.603198380567445724e+01
4.855198473282339364e+02
4.540915254237177692e+02
9.656428571428976682e+01
7.807857142856861401e+02
6.445369337978822841e+02
9.978333333334462907e+01
2.543319727891151558e+02
4.461012048192665702e+02
5.605757575758232747e+01
5.608474576271296996e+01
5.607500000000808882e+01
3.445999999999993975e+02
5.609442231076099006e+01
5.600989761093651964e+01
4.933903426791122797e+02
6.893201365187477450e+02
3.390557491289150676e+02
5.604025974026993140e+01
4.063471337579494502e+02
3.419569343065651310e+02
1.690786516853916766e+01
5.608594249202272408e+01
7.568382636655642273e+02
3.859029197080230915e+02
5.604052044610688199e+01
6.313813504822948062e+02
3.727428571428499140e+02
5.602694610779215623e+01
2.881131386861288206e+02
4.656999999999874262e+02
1.538208955223865182e+01
7.775479853479558869e+02
5.844216606498019928e+02
6.312230529594793325e+02
2.556973856209146447e+02
6.701942028985349680e+02
2.897407766990267532e+02
1.867123287671214982e+01
4.631571428571320439e+02
8.166081967212840027e+02
5.115702702702571969e+02
5.604430379747350344e+01
3.652230769230710052e+02
1.031126760563363298e+01
3.769355140186853532e+02
8.519999999999749889e+02
1.334691126279961964e+02
3.344526315789420892e+02
